// Generated from examples/python/hershey.py ó re-run gen_font_rs.py.
pub fn glyph(c: char) -> (u8, &'static [&'static [(i8, i8)]]) {
    match c {
        ' ' => (12, &[]),
        '!' => (6, &[&[(1,1), (1,15)], &[(1,20), (0,21), (1,22), (2,21), (1,20)]]),
        '\'' => (6, &[&[(1,3), (0,2), (1,1), (2,2), (2,4), (1,6), (0,7)]]),
        ',' => (6, &[&[(2,18), (1,19), (0,18), (1,17), (2,18), (2,20), (0,22)]]),
        '-' => (22, &[&[(0,13), (18,13)]]),
        '.' => (6, &[&[(1,17), (0,18), (1,19), (2,18), (1,17)]]),
        '/' => (22, &[&[(18,-3), (0,29)]]),
        '0' => (18, &[&[(6,1), (3,2), (1,5), (0,10), (0,13), (1,18), (3,21), (6,22), (8,22), (11,21), (13,18), (14,13), (14,10), (13,5), (11,2), (8,1), (6,1)]]),
        '1' => (9, &[&[(0,5), (2,4), (5,1), (5,22)]]),
        '2' => (18, &[&[(1,6), (1,5), (2,3), (3,2), (5,1), (9,1), (11,2), (12,3), (13,5), (13,7), (12,9), (10,12), (0,22), (14,22)]]),
        '3' => (18, &[&[(2,1), (13,1), (7,9), (10,9), (12,10), (13,11), (14,14), (14,16), (13,19), (11,21), (8,22), (5,22), (2,21), (1,20), (0,18)]]),
        '4' => (19, &[&[(10,1), (0,15), (15,15)], &[(10,1), (10,22)]]),
        '5' => (18, &[&[(12,1), (2,1), (1,10), (2,9), (5,8), (8,8), (11,9), (13,11), (14,14), (14,16), (13,19), (11,21), (8,22), (5,22), (2,21), (1,20), (0,18)]]),
        '6' => (17, &[&[(12,4), (11,2), (8,1), (6,1), (3,2), (1,5), (0,10), (0,15), (1,19), (3,21), (6,22), (7,22), (10,21), (12,19), (13,16), (13,15), (12,12), (10,10), (7,9), (6,9), (3,10), (1,12), (0,15)]]),
        '7' => (18, &[&[(14,1), (4,22)], &[(0,1), (14,1)]]),
        '8' => (18, &[&[(5,1), (2,2), (1,4), (1,6), (2,8), (4,9), (8,10), (11,11), (13,13), (14,15), (14,18), (13,20), (12,21), (9,22), (5,22), (2,21), (1,20), (0,18), (0,15), (1,13), (3,11), (6,10), (10,9), (12,8), (13,6), (13,4), (12,2), (9,1), (5,1)]]),
        '9' => (17, &[&[(13,8), (12,11), (10,13), (7,14), (6,14), (3,13), (1,11), (0,8), (0,7), (1,4), (3,2), (6,1), (7,1), (10,2), (12,4), (13,8), (13,13), (12,18), (10,21), (7,22), (5,22), (2,21), (1,19)]]),
        ':' => (6, &[&[(1,10), (0,11), (1,12), (2,11), (1,10)], &[(1,17), (0,18), (1,19), (2,18), (1,17)]]),
        'A' => (20, &[&[(8,1), (0,22)], &[(8,1), (16,22)], &[(3,15), (13,15)]]),
        'B' => (18, &[&[(0,1), (0,22)], &[(0,1), (9,1), (12,2), (13,3), (14,5), (14,7), (13,9), (12,10), (9,11)], &[(0,11), (9,11), (12,12), (13,13), (14,15), (14,18), (13,20), (12,21), (9,22), (0,22)]]),
        'C' => (19, &[&[(15,6), (14,4), (12,2), (10,1), (6,1), (4,2), (2,4), (1,6), (0,9), (0,14), (1,17), (2,19), (4,21), (6,22), (10,22), (12,21), (14,19), (15,17)]]),
        'D' => (18, &[&[(0,1), (0,22)], &[(0,1), (7,1), (10,2), (12,4), (13,6), (14,9), (14,14), (13,17), (12,19), (10,21), (7,22), (0,22)]]),
        'E' => (17, &[&[(0,1), (0,22)], &[(0,1), (13,1)], &[(0,11), (8,11)], &[(0,22), (13,22)]]),
        'F' => (17, &[&[(0,1), (0,22)], &[(0,1), (13,1)], &[(0,11), (8,11)]]),
        'G' => (19, &[&[(15,6), (14,4), (12,2), (10,1), (6,1), (4,2), (2,4), (1,6), (0,9), (0,14), (1,17), (2,19), (4,21), (6,22), (10,22), (12,21), (14,19), (15,17), (15,14)], &[(10,14), (15,14)]]),
        'H' => (18, &[&[(0,1), (0,22)], &[(14,1), (14,22)], &[(0,11), (14,11)]]),
        'I' => (4, &[&[(0,1), (0,22)]]),
        'J' => (14, &[&[(10,1), (10,17), (9,20), (8,21), (6,22), (4,22), (2,21), (1,20), (0,17), (0,15)]]),
        'K' => (18, &[&[(0,1), (0,22)], &[(14,1), (0,15)], &[(5,10), (14,22)]]),
        'L' => (16, &[&[(0,1), (0,22)], &[(0,22), (12,22)]]),
        'M' => (20, &[&[(0,1), (0,22)], &[(0,1), (8,22)], &[(16,1), (8,22)], &[(16,1), (16,22)]]),
        'N' => (18, &[&[(0,1), (0,22)], &[(0,1), (14,22)], &[(14,1), (14,22)]]),
        'O' => (20, &[&[(6,1), (4,2), (2,4), (1,6), (0,9), (0,14), (1,17), (2,19), (4,21), (6,22), (10,22), (12,21), (14,19), (15,17), (16,14), (16,9), (15,6), (14,4), (12,2), (10,1), (6,1)]]),
        'P' => (18, &[&[(0,1), (0,22)], &[(0,1), (9,1), (12,2), (13,3), (14,5), (14,8), (13,10), (12,11), (9,12), (0,12)]]),
        'Q' => (20, &[&[(6,1), (4,2), (2,4), (1,6), (0,9), (0,14), (1,17), (2,19), (4,21), (6,22), (10,22), (12,21), (14,19), (15,17), (16,14), (16,9), (15,6), (14,4), (12,2), (10,1), (6,1)], &[(9,18), (15,24)]]),
        'R' => (18, &[&[(0,1), (0,22)], &[(0,1), (9,1), (12,2), (13,3), (14,5), (14,7), (13,9), (12,10), (9,11), (0,11)], &[(7,11), (14,22)]]),
        'S' => (18, &[&[(14,4), (12,2), (9,1), (5,1), (2,2), (0,4), (0,6), (1,8), (2,9), (4,10), (10,12), (12,13), (13,14), (14,16), (14,19), (12,21), (9,22), (5,22), (2,21), (0,19)]]),
        'T' => (18, &[&[(7,1), (7,22)], &[(0,1), (14,1)]]),
        'U' => (18, &[&[(0,1), (0,16), (1,19), (3,21), (6,22), (8,22), (11,21), (13,19), (14,16), (14,1)]]),
        'V' => (20, &[&[(0,1), (8,22)], &[(16,1), (8,22)]]),
        'W' => (24, &[&[(0,1), (5,22)], &[(10,1), (5,22)], &[(10,1), (15,22)], &[(20,1), (15,22)]]),
        'X' => (18, &[&[(0,1), (14,22)], &[(14,1), (0,22)]]),
        'Y' => (20, &[&[(0,1), (8,11), (8,22)], &[(16,1), (8,11)]]),
        'Z' => (18, &[&[(14,1), (0,22)], &[(0,1), (14,1)], &[(0,22), (14,22)]]),
        _ => (12, &[]),
    }
}
